0.246345724796
0.81894106684
0.329368456083
0.739814457209
0.129030969725
0.480006661467
0.354759888633
0.533287733485
0.992427197327
0.402250094778
0.713044114153
0.369444365534
0.981849535971
0.786693003844
0.67790163412
0.884757955148
0.244628438371
0.472691430868
0.559568328353
0.0547566306018
0.0474875920012
0.426917565987
0.324898798278
0.645748110945
0.132649545077
0.933251450555
0.458259697025
0.323972649897
0.101310288097
0.288732330493
0.687131703191
0.0584580920856
0.424618219859
0.742691169682
0.428136696706
0.121142952306
0.269150424951
0.469824505573
0.510494930658
0.123284785744
0.957487595832
0.491970904436
0.756819805044
0.86052124981
0.390571069264
0.699646295246
0.542446100368
0.130769961935
0.570647953532
0.522636537849
0.527008275411
0.707980893245
0.297489339276
0.460706161701
0.159034935737
0.855371271048
0.239352784169
0.234709691085
0.336066114657
0.475355805382
0.308382053821
0.611094904384
0.653259856564
0.80174496869
0.829877286248
0.0545859925608
0.697002326604
0.592690160631
0.613792850154
0.626492071893
0.281092818998
0.574536793812
0.828944235306
0.438227371019
0.161488364409
0.668528221142
0.245580506357
0.518303944708
0.967545265403
0.561186964746
0.998763921508
0.523971824365
0.668601441361
0.0691077704336
0.821088955222
0.842048640609
0.160782841143
0.80633099699
0.446249946473
0.599944025772
0.828165112897
0.591431646903
0.769467071309
0.52001641837
0.0697142378771
0.645040906989
0.127363241196
0.747688445553
0.833055211243
0.995631054777
0.890480268684
0.428109628197
0.259390534434
0.00694688746214
0.376486495265
0.963386166577
0.463694784509
0.575916333162
0.127305780072
0.520210506251
0.423586162775
0.53478096021
0.659606716352
0.0630271501107
0.2891884328
0.989613200744
0.578167137552
0.649016996868
0.561471124377
0.237824704991
0.384516665957
0.354888729484
0.0637783240443
0.897980438955
0.418134463966
0.37657187962
0.133103682519
0.961110563566
0.293624319604
0.591602797511
0.568242877056
0.894880646878
0.0437108313758
0.562560654255
0.0241854578787
0.529898549523
0.982217087909
0.91933603082
0.81491908045
0.881075438514
0.218849894391
0.59826575722
0.970299041771
0.465356875757
0.702799208163
0.155737671197
0.651139990961
0.0840975901215
0.569240162296
0.997729097705
0.040970348961
0.345335677517
0.0660945803442
0.613341416531
0.935171969546
0.642886224505
0.486183441166
0.267249917898
0.920367459841
0.00589486538026
0.0346391903639
0.851899196188
0.825803371151
0.918673449439
0.957162274121
0.228574119084
0.256643882726
0.741291789486
0.701931003997
0.111407884789
0.0204205041203
0.657906279051
0.584968984007
0.641010771242
0.520580087405
0.685534635693
0.857842781814
0.663313087546
0.46320284546
0.91936716285
0.701030719686
0.402152129969
0.212521779545
0.444121493882
0.259917828347
0.411084841276
0.0931268188461
0.153228255009
0.882403796708
0.540131665906
0.670038194801
0.959504480294
0.861087906978
0.502556533109
0.955058641031
0.423143975191
0.57886236252
0.0189186778215
0.622804013693
0.422098739583
0.839686856077
0.269145981545
0.220272590148
0.368362805715
0.260861682115
0.734456580379
0.253876895091
0.584855595255
0.683696855886
0.599729872859
0.0154828308391
0.421796840984
0.626803617878
0.00068069667622
0.449692870806
0.873644707925
0.015767363087
0.578396829817
0.0828473777657
0.851380045869
0.812208562665
0.0409477003524
0.359822545807
0.22282949905
0.265876408786
0.0417616338448
0.73670312037
0.893402382082
0.105782175121
0.173613210951
0.867551798078
0.202681736585
0.405020685072
0.953330326188
0.65199759971
0.163939686699
0.039100367311
0.344191214765
0.953511569749
0.18612176169
0.970226587632
0.754186294811
0.496564415554
0.735230442305
0.501866979386
0.441314614402
0.987644301019
0.761239561892
0.765707560146
0.280123626115
0.26290786481
0.0764173998005
0.841823910118
0.532606510541
0.819883375075
0.26403857389
0.236808747582
0.74655745377
0.000904848302739
0.495506521371
0.924318922248
0.153847155424
0.245488421095
0.973253743355
0.266771996444
0.469870309581
0.416510807244
0.315379960465
0.0461617002169
0.243701004341
0.0911548573811
0.475303284294
0.210703261769
0.813120490115
0.542585894199
0.300549849806
0.353842846738
0.539885261237
0.243643662663
0.675991942269
0.670411575534
0.574842970568
0.772755537172
0.421898246202
0.395648296654
0.324272491766
0.972505648962
0.899605937918
0.698487789136
0.46792175801
0.223371282554
0.554898895082
0.987778191536
0.171808834411
0.75311297515
0.29237943272
0.896895680061
0.0689883108772
0.152083232112
0.274245250809
0.0286339247257
0.0948844498248
0.83046478492
0.852064052552
0.485292692224
0.41835431174
0.7541189347
0.444551097118
0.213820488182
0.666302414092
0.788416326735
0.910949076144
0.102041709246
0.747250738413
0.376686296075
0.441544725783
0.998719969953
0.508353533243
0.953176294343
0.126592242194
0.799522647552
0.107375076693
0.962234116282
0.076553423651
0.473635355962
0.433026721464
0.183152382771
0.0458876528942
0.462691839856
0.951841208682
0.00779015834117
0.821523394021
0.745771110316
0.977710669183
0.936527722116
0.50883544256
0.139450561378
0.703880056701
0.360546925472
0.134925854417
0.523168518273
0.493498058113
0.527475105283
0.93641112806
0.97664502143
0.0315346973471
0.21280203481
0.535928539298
0.164816232349
0.921808556026
0.790469642878
0.195854145623
0.083039911419
0.155368608656
0.287620106314
0.494723461753
0.627324744369
0.421874937328
0.337941445727
0.955353850898
0.952721579414
0.134772519674
0.318535815929
0.115103999449
0.084343231312
0.0596160473761
0.607051299654
0.599798866106
0.143729087072
0.28968242356
0.587948516432
0.487794752937
0.201830783148
0.537775222021
0.798418771644
0.210518459164
0.147862147289
0.738285753527
0.286944155804
0.27815884638
0.43379774254
0.560762278113
0.096712017828
0.662332629193
0.0607217244137
0.484796298234
0.35719432935
0.352812329436
0.821604501551
0.0234080659954
0.644825816193
0.639634881747
0.0394395319086
0.13675022059
0.527689101699
0.743654936268
0.257639152319
0.930788279024
0.733615715155
0.076552007201
0.0806692586642
0.298330967492
0.328383846799
0.0257811090391
0.457630187093
0.563259391927
0.617943444567
0.586161277208
0.324584127441
0.633800463008
0.517160736789
0.66871026971
0.167694934182
0.466092576428
0.631013018905
0.95523674043
0.846483982937
0.352378517065
0.134968212877
0.232836933695
0.832649632822
0.674012911044
0.148749464331
0.00573176077416
0.577986265339
0.780611180541
0.873780570442
0.743410420021
0.289552566072
0.276478205029
0.12835053461
0.00619023598583
0.284523032307
0.610994044153
0.563860724526
0.169122334891
0.822480617535
0.566091562592
0.0384242499741
0.64627082531
0.843404456516
0.670171688728
0.0120118672392
0.714913841872
0.194273106544
0.498435645327
0.402241044764
0.840191181173
0.440868153621
0.540652510289
0.128003786655
0.725139903058
0.355292818983
0.757313710064
0.234290885483
0.171393631643
0.434223289474
0.100138337547
0.594459957423
0.384492184366
0.283950187502
0.278057264888
0.264330324511
0.390936972337
0.370450918981
0.258863837512
0.33479037361
0.697242769845
0.334852019358
0.722344314484
0.0637515959074
0.369610368096
0.75423158974
0.458224670814
0.184144355904
0.686830883613
0.29386390696
0.690554589962
0.690099511082
0.135869309197
0.539236916079
0.513561923181
0.773620100634
0.602085736077
0.885641920118
0.995160724227
0.506861453115
0.307022912218
0.916250475132
0.125547458904
0.686740127127
0.906633577097
0.097939624879
0.564404882426
0.423907020252
0.310345001494
0.0648151832984
0.103227771823
0.738307096185
0.745221612306
0.813982191303
0.714206720883
0.385878062947
0.34363386511
0.218957192039
0.902006658525
0.517625400283
0.0171012723426
0.555190367277
0.449458034564
0.0815201848469
0.653705275079
0.658028158527
0.309909393395
0.619080951679
0.279379371338
0.359547743898
0.918872928667
0.302170331222
0.216602609182
0.0977841285006
0.637023940917
0.408340299998
0.954363338896
0.630653105191
0.402253957483
0.826523178151
0.695101455745
0.588261601895
0.56182459489
0.953945677572
0.206080766764
0.99894937647
0.983517416865
0.875129914034
0.392591019976
0.409778060706
0.847695607227
0.165523400885
0.358857331672
0.182398811333
0.699746921929
0.012281713161
0.235181577338
0.204857007935
0.486487335044
0.510316571273
0.291627570716
0.106280934711
0.95744932725
0.818864670141
0.715226820681
0.131934558186
0.804416622631
0.751697330812
0.858821543737
0.875980928073
0.323665178305
0.207343164846
0.784927157058
0.521074293686
0.530351294362
0.757438301917
0.34859636717
0.654657463024
0.635676684096
0.113734955046
0.744860165514
0.505234600384
0.469770516192
0.129681265074
0.535333328342
0.019177822409
0.127838875427
0.147605525248
0.951426966422
0.382162134129
0.888393349103
0.312452205116
0.912137673523
0.0742942136322
0.919965339691
0.948397953632
0.262600006354
0.566992441555
0.0529231017017
0.0242808945392
0.602381355689
0.315679128272
0.708823655687
0.96530096581
0.450576354142
0.0761683450326
0.752822595601
0.810856859571
0.700249138348
0.48758863932
0.51092602592
0.594711477022
0.233658647301
0.62962194831
0.348589235216
0.419544366051
0.738360735296
0.793669966766
0.360537979756
0.02498853252
0.415015104918
0.396391669223
0.642158138584
0.709218101032
0.0592740785442
0.0106015321966
0.292039715567
0.572866376662
0.716990275368
0.296151963913
0.358359264609
0.922706596349
0.378541386854
0.115678848134
0.173894964849
0.0980338010334
0.415857205795
0.492188155082
0.947558916192
0.782662562212
0.724206743708
0.844256465263
0.0848924830263
0.430392395167
0.468168286706
0.952807679422
0.457000200645
0.0990543878718
0.841350729172
0.94686555247
0.130244662713
0.477641314524
0.75205028843
0.176724228857
0.356762301847
0.116522504636
0.450208140299
0.345926354228
0.877958031518
0.240940206154
0.00974511856396
0.0762038473662
0.163335089844
0.131672010746
0.118858567205
0.856666226502
0.0813600392577
0.518568264547
0.878960466407
0.584380637913
0.243572955676
0.935224111142
0.238050079452
0.63101758699
0.105563852893
0.357642627793
0.0381673217907
0.920041952782
0.693445323195
0.510232586233
0.945732568276
0.260240646866
0.838275689758
0.0348921919483
0.966783970685
0.153417493419
0.017392839124
0.570401935113
0.747735655296
0.393568059547
0.23445889183
0.770384877301
0.0280871270319
0.401093137038
0.331191405394
0.863769508505
0.999205764548
0.623633949863
0.0874128104933
0.192566619724
0.949886053761
0.758536130885
0.551887301231
0.717742249503
0.303706397529
0.608519676028
0.648380760218
0.81781241461
0.525876101295
0.128460244424
0.270188877261
0.468173383985
0.00841733388621
0.666385228756
0.253448710174
0.736771480302
0.841223948583
0.0375944134746
0.132247490241
0.90661985494
0.0489116929088
0.977204036711
0.964346977141
0.851206004516
0.447959915145
0.912721757316
0.100573378679
0.752475029154
0.710702220733
0.853454542475
0.172866508845
0.985056783446
0.25078058736
0.799121656143
0.16703785603
0.0629185863314
0.532195999164
0.940970759568
0.278264843802
0.408770044488
0.442166668663
0.499838004754
0.0140662751031
0.358592548493
0.828829265859
0.1510721454
0.336333082089
0.351443717959
0.169375632169
0.153842953367
0.274388807351
0.724002250844
0.268700212082
0.309723798398
0.736177762652
0.630334166422
0.397628050792
0.285428945969
0.726987741635
0.606341882883
0.233769910798
0.315543005821
0.144733381564
0.462639481547
0.27535966571
0.461804303901
0.284338393793
0.593392844841
0.54404273951
0.52748541608
0.725300720163
0.22008505999
0.803948401481
0.386354018114
0.23914075755
0.254303930357
0.0845951185024
0.700952700914
0.2709323917
0.0243713358274
0.615442828124
0.694290548696
0.507661035711
0.216466018815
0.345256070764
0.977844734307
0.617146523272
0.805683634558
0.609735981677
0.61692612141
0.249136528281
0.945549020802
0.975681157689
0.600215160433
0.725824499034
0.35393595891
0.177645116766
0.361475457964
0.199697407138
0.287632849218
0.220348573072
0.80622344477
0.226888327297
0.118172983311
0.984302580433
0.479581484472
0.359357897807
0.935864302104
0.694155694236
0.637856481172
0.35424420983
0.844059579386
0.505432373056
0.544846433382
0.325549871294
0.585453359908
0.132874458675
0.80236325133
0.232505299592
0.823408943755
0.44744562268
0.552614546795
0.382882459983
0.365106818425
0.273208893311
0.712217779299
0.845987270035
0.47671665125
0.766444844424
0.303743496546
0.169844590245
0.565567019146
0.675925529765
0.821194881877
0.0786499607892
0.706877871442
0.50798457663
0.458538609892
0.264528239714
0.239536901168
0.399111796934
0.93663873497
0.361417156753
0.823505029757
0.165926204688
0.529604636439
0.836066054584
0.872077873895
0.123846772196
0.311392979016
0.777100395801
0.450192983505
0.158878428532
0.731110622726
0.896058827078
0.157097997638
0.320848698121
0.671233194023
0.729861506696
0.741798124193
0.113166267643
0.741819837734
0.804918838649
0.524230720279
0.0311343938333
0.0930133901658
0.0723086452022
0.357232031662
0.181978149486
0.670188069303
0.18254324972
0.920251899315
0.951347298836
0.189282897826
0.0829610669105
0.410837080993
0.231060320765
0.0514551926624
0.942457921396
0.353617127825
0.307583449685
0.247778538607
0.794457810365
0.695024118996
0.464274587554
0.201246365323
0.263938231696
0.929353407001
0.735168579054
0.33169756411
0.51411545002
0.918597593215
0.58177144764
0.986807396675
0.307058077894
0.939444906169
0.565519894647
0.370654456427
0.900898710339
0.34670360903
0.901478563889
0.560395145569
0.766221152744
0.864450419164
0.65882208363
0.433637353252
0.0715953394007
0.630936645227
0.290460481123
0.161760956987
0.720338996682
0.885662765478
0.338494887567
0.124595266015
0.957844812336
0.136784274417
0.316729784634
0.922874053032
0.952417376089
0.027517269382
0.313823837028
0.517668064326
0.947664555373
0.911488272049
0.326256873258
0.123575050793
0.934658572651
0.0399807733678
0.446263710406
0.346934923781
0.0800709474216
0.351915664851
0.64949961625
0.824547542225
0.135771743683
0.869208223145
0.882473190166
0.63788884293
0.581032541319
0.855266286584
0.384092271202
0.276702923341
0.617072351026
0.807937138639
0.0333578575536
0.507945916907
0.6210718558
0.670874579964
0.458442582668
0.340342682067
0.825429186722
0.60650462349
0.0316333321115
0.645653659025
0.754264169464
0.770187630375
0.22607296976
0.816680704163
0.628503695047
0.433154774359
0.717070421104
0.439675131707
0.710027072825
0.644686049075
0.777675700971
0.307897887411
0.093093935636
0.313331910186
0.546065644815
0.425725554037
0.765298304727
0.703616012218
0.565388118
0.669365618531
0.0157028627099
0.937063253654
0.106384940494
0.765207289525
0.785920996623
0.780172041349
0.775565592094
0.281519601273
0.113584704996
0.138404916064
0.432193905844
0.67635602035
0.53600608317
0.938392275641
0.602379741448
0.50726851497
0.597464234559
0.314684719552
0.375192137997
0.8514843592
0.38736160772
0.804629983957
0.72461164049
0.0827366711699
0.824736287658
0.278251598156
0.639305434996
0.0807068947944
0.0219645191481
0.585963239593
0.805042110969
0.0100925088414
0.314923449604
0.587104068459
0.573467753625
0.422539198569
0.236119520944
0.940437059237
0.837738377452
0.746309036184
0.820787013582
0.276909014136
0.895566833814
0.712204518651
0.679612325027
0.829641015353
0.153649956941
0.245871483228
0.194824321495
0.769697367868
0.104680135998
0.0237466943854
0.587993248254
0.101437610716
0.666017294258
0.975272954877
0.186270555424
0.209757846215
0.265116619091
0.441390325604
0.504197285246
0.509567592805
0.182602146155
0.762974191865
0.136318953517
0.70372352626
0.276713521666
0.253879755259
0.435888174497
0.584607435433
0.884172252945
0.303540858154
0.316061235389
0.681737025515
0.0916458895099
0.250891486308
0.764118590894
0.335987269911
0.501288945444
0.994062060934
0.262349907115
0.80202797508
0.80910834187
0.227198763507
0.268377641991
0.868291566129
0.582312715741
0.388374287815
0.280587415482
0.791108391511
0.341443712344
0.619631118611
0.842633199479
0.452172311835
0.0495379202113
0.838298454162
0.197079611392
0.1603868692
0.71983930709
0.418278737964
0.881831629122
0.011072922652
0.783620602725
0.400130771095
0.767038502529
0.939689866201
0.447480115573
0.834778950569
0.380153851095
0.107793426761
0.760170799565
0.897605733697
0.785080961931
0.396394528833
0.988425018993
0.469955606313
0.552066157692
0.0226274972241
0.32452688715
0.099043062408
0.617028223645
0.412838154631
0.234634072475
0.523158372816
0.938135387237
0.153600593411
0.395378008495
0.89889719044
0.179769977171
0.548142962503
0.615332735716
0.867218849548
0.455855608908
0.431445371028
0.049815982317
0.682045279001
0.232515701099
0.359209287992
0.895049552575
0.555950417784
0.969663230396
0.0473691128239
0.254137141409
0.230961874742
0.936546596695
0.482354879163
0.890054736334
0.996122060966
0.526365156242
0.0408978419684
0.385322095982
0.200614933583
0.258420228834
0.690746974185
0.257527202844
0.718470722686
0.502449549546
0.926985587438
0.0543091493346
0.219849171399
0.214115848048
0.450475869807
0.521286276266
0.427667240699
0.0246136622504
0.11421676531
0.391758140251
0.168438308027
0.674205050348
0.120712571371
0.69278855681
0.266611992333
0.267600429211
0.224572210152
0.594388229828
0.143357094176
0.941074464331
0.309868848189
0.73801260014
0.133963016321
0.0674726677046
0.145058641659
0.291332168318
0.325872390003
0.193821260633
0.6511465721
0.859196644077
0.852074060571
0.092195426437
0.241911046655
0.691100161698
0.967601772141
0.788753671887
0.444479070152
0.861315681124
0.0297006940719
0.753895686127
0.641662331513
0.335773703625
0.849928989297
0.458274390417
0.264494357648
0.987482244725
0.949954421487
0.814882202895
0.644807425537
0.763968917252
0.544244867295
0.343345298363
0.234221021734
0.524782715711
0.20790439143
0.618832930004
0.572372232252
0.0509199222064
0.374461636169
0.850027203305
0.745345968699
0.187139713413
0.576524633008
0.751593130575
0.803727793099
0.700915185275
0.972099527368
0.893275465599
0.273868849318
0.859008433129
0.678264680015
0.676880375217
0.853587446598
0.661095981798
0.37424881488
0.434979258955
0.112613085698
0.81048122362
0.864799882525
0.503413763566
0.367544281719
0.0113047301567
0.681775471793
0.80919361926
0.95242905041
0.0307016510538
0.353671674619
0.678918100663
0.0190806021005
0.670749332798
0.228812030613
0.08029228539
0.141515749366
0.962952849204
0.387628542404
0.530486248503
0.982982588423
0.791381101744
0.260133168083
0.23519247798
0.387111663405
0.480839473564
0.982160866763
0.627048253868
0.446120295222
0.626645943767
0.752506213348
0.289186166025
0.956234499164
0.667974704902
0.756733720738
0.470496318427
0.170486271901
0.213993255598
0.891446443235
0.172910718624
0.304419009498
0.708179248047
0.275070446227
0.792799961558
0.367007037494
0.486498493265
0.83612392676
0.657954025863
0.617084746088
0.297479210645
0.687653606869
0.765872492033
0.541843334915
0.6266218514
0.314966692386
0.849196269535
0.830365271067
0.501286853467
0.663899409624
0.799068187154
0.673178472251
0.656694562914
0.735528079869
0.233350428503
0.142908040951
0.759163392328
0.579840758231
0.0995000562672
0.950052357956
0.977996613413
0.597319294196
0.81842359731
0.652504768428
0.348466868836
0.817830392072
0.228261647554
0.51979846488
0.97180279696
0.190630860668
0.0966678801179
0.3106001841
0.0618359418843
0.253685609671
0.454854729845
0.471300782495
0.0736946580549
0.131985963108
0.131208790835
0.122404123219
0.315521934281
0.856577711457
0.106617507303
0.218682677103
0.833347747269
0.0424075326097
0.6589113403
0.711768423113
0.957123983552
0.104173028129
0.349453677697
0.391908078847
0.910641314382
0.382159916993
0.512390232657
0.859270694176
0.876362053832
0.596223318731
0.156107357305
0.79640721785
0.716334887362
0.155512403745
0.160637476267
0.331105876988
0.525952489217
0.145730058003
0.190469222817
0.213295796485
0.955116115833
0.681468940023
0.721558562266
0.239750047262
0.853036341287
0.588093198895
0.541860380836
0.794519057616
0.936495305959
0.141547727599
0.656422419686
0.477074000193
0.217189607656
0.566678835253
0.571132727222
0.147542576841
0.674765303634
0.304291169434
0.874466164506
0.901036689239
0.725009722947
0.46680681702
0.336658127402
0.840832384733
0.560814647734
0.719311966036
0.555159084734
0.027276581701
0.139559725103
0.827919448142
0.685038588179
0.211513792268
0.32001157962
0.570125545538
0.13606064986
0.551883445521
0.493089591031
0.698691291934
0.339476807577
0.446938142672
0.920989098781
0.603500908524
0.155443810703
0.530837182768
0.856091256757
0.85773953714
0.489807317029
0.147197492844
0.151667328432
0.687737877393
0.738509098906
0.77224182103
0.656282862274
0.791046263164
0.780617787014
0.519161916309
0.837999889242
0.230117989475
0.871050290881
0.586702120065
0.917865127618
0.904806819202
0.54872057605
0.140786400777
0.120450330485
0.085731694457
0.563925159563
0.506400795166
0.0144669745051
0.00309606784519
0.241797354803
0.311870338806
