27.46
27.68
27.42
27.55
27.07
26.94
26.6
26.57
26.35
26.09
26.32
26
26.51
26.99
26.9
25.87
26.07
26.2
27.49
27.49
27.5
27.16
26.3
26.97
27.55
26.98
26.06
25.65
25.69
25.55
25.33
25.19
24.5
24.03
22.89
22.88
22.95
22.37
22.4
23.07
22.92
23.55
23.25
22.38
21.45
21.44
22
21.77
20.56
20.19
20.85
22.65
22.07
22.06
21.1
21.1
22.7
23.37
22.98
22.98
24.45
24.35
24.03
23.43
22.84
22.81
23.65
24.24
24.28
22.46
22.33
21.69
20.69
21.06
20.55
20.6
20.84
21.39
20.68
21.5
21.32
22.09
22.15
21.51
22.69
22.41
22.09
21.96
22.86
23.37
23.2
23.17
22.26
23.06
23.9
24.2
23.03
22.87
23.2
23.37
22.65
21.89
21.73
21.73
21.37
21.58
21.78
21.65
21.72
21.68
20.6
20.73
20.88
21.32
20.74
20.3
20.65
20.13
20.01
19.95
19.94
19.75
19.07
18.93
18.8
18.46
18.63
19.37
18.95
19.21
18.8
18.53
18.73
19.52
19.42
19.25
19.27
18.67
18.5
18.24
17.6
18.09
18.88
18.53
18.87
18.55
19.08
19.65
18.51
16.25
16.02
16.19
16.62
16.39
16.54
17.07
18.03
18.15
17.64
17.87
17.95
17.26
17.07
16.98
16.93
16.55
16.15
16.04
15.83
16.2
16.24
16.18
16.37
16.65
16.71
17.19
17.28
17.02
16.41
17.96
17.75
17.61
17.42
17.27
17.09
16.37
16.85
15.62
17.71
20.1
18.83
18.73
19.06
19.11
19.48
18.77
19.3
19.63
18.86
18.54
18.88
17.6
17.17
16.2
17.3
18.99
18.49
17.6
17.93
17.73
18.85
19.25
18.47
18.5
17.59
16.95
17.95
17.66
17.54
18.5
18.97
19.35
17.7
16.57
16.39
15.88
15.83
15.25
14.89
13.88
13.75
14.02
13.37
13.59
13.54
14.55
14.37
14.58
14.8
14.8
14.3
14.39
14.66
14.84
15.1
14.75
14.39
14.54
14.58
15.1
14.97
14.5
14.27
14.64
14.98
14.87
15
14.87
14.87
15.3
15.3
15.4
15.29
15.48
15.41
15.41
15.71
15.3
15.4
15.16
15.03
15.41
15.15
14.9
14.58
14.17
13.6
13.7
12.95
12.06
12.53
13.26
13.64
13.29
13.37
14.1
13.87
13.25
12.85
12.68
12.45
12.28
12.32
12.96
13
12.93
12.47
12.73
12.59
12.58
12.66
12.93
13.05
13.52
13.15
13.08
12.85
12.75
12.57
12.66
12.78
13.25
13.3
13.5
14.11
14.45
14.81
14.99
14.61
15.25
15.89
16.27
16.82
17.08
16.49
16.04
16.15
16.5
17.4
17.64
17.12
16.87
16.76
16.62
16.62
17.45
17.24
17.2
17.3
17.06
16.64
16.68
17.09
17.37
17.19
17.15
16.04
16
16.02
16.63
17.05
16.84
16.75
16.62
16.59
16.2
16.09
15.6
15.66
15.38
15.66
15.7
15.73
15.57
15.55
15.57
15.57
15.47
16
16.19
16.24
16.42
16.84
16.75
16.3
16.79
16.83
17
17.33
17.37
17.19
16.9
16.64
16.73
16.7
16.23
16.23
16.09
16.43
16.51
16.5
16.48
16.48
16.19
16.13
16.09
16.31
16.39
16.08
16.07
16.38
16.51
16.81
16.82
16.99
16.96
16.91
16.91
17
17.25
17.29
17.44
17.84
18.83
19.32
19.78
19.73
19.57
19.48
19.61
19.7
19.65
20.2
20.86
20.66
20.55
20.57
20.28
19.65
20
19.96
20.1
20.45
20.49
21.58
22.03
21.56
21.46
21.75
21.55
21.95
22.2
22.4
22.68
22.61
22.35
22.91
23
23.18
23.26
23.41
23.58
23.59
24.3
24.44
24.99
24.77
24.64
23.82
23.65
23.52
24.1
24.75
25.08
24.94
24.81
24.86
25.25
25.05
24.37
24.13
24
23.85
24.02
23.91
23.96
23.91
23.09
23.55
22.78
22.93
22.88
22.28
22.4
23.1
23.09
23.07
23.16
22.78
22.63
22.24
22.26
22.37
21.98
21.98
22.28
22.26
22.34
21.56
22.22
22.05
22.4
22.28
22.08
22.28
22.08
21.61
21.81
21.68
21.48
21.54
21.58
21.76
21.53
21.47
21.48
21.79
22.58
22.39
22.39
22.79
22.93
22.91
22.88
22.89
23.09
23.01
22.79
22.47
22.45
22.45
22.33
22.46
22.55
23.18
23.41
23.52
23.36
22.81
22.4
22.29
22.17
22.25
21.93
21.98
21.96
22.07
21.74
20.98
21.07
20.87
20.86
20.88
20.98
20.75
21.47
22.09
22.33
22.26
22.65
22.78
22.7
22.75
23.14
23.59
23.86
23.94
23.81
23.98
24.04
23.96
24.05
24.24
24.28
24.39
24.23
24.67
24.95
25.11
25.11
25.46
25.72
25.45
25.5
25.57
25.65
25.54
25.42
25.29
25.29
25.48
25.64
25.48
25.38
25.41
25.57
25.94
26.23
25.97
25.42
25.36
25.57
25.31
25.25
25.2
25.47
24.89
24.69
24.45
24.81
24.99
24.5
23.4
22.27
22.8
23.28
23.09
23.29
23.01
22.68
22.3
21.63
21.45
21.23
21.9
21.52
21.95
22.09
22.69
22.6
22.37
22.35
22.95
22.77
22.12
22.35
22.47
22.69
23.04
23.04
23.17
23.4
23.3
23.22
23.66
23.68
23.09
23.2
22.66
22.75
22.42
21.66
21.47
21.33
21.09
21.53
21.73
22.17
22.43
22.43
22.7
22.8
22.8
22.74
22.18
22.5
22.58
22.36
22.62
22.82
23.08
23.3
23.25
23.19
23.35
23.55
23.39
23.37
23.15
23.13
23.17
22.44
22.17
22.18
22.3
22.52
22.69
22.58
22.96
23.14
22.97
22.56
22.55
22.53
23.05
22.93
23.28
23.55
23.52
23.7
23.92
23.65
23.79
23.97
24.14
24.18
24.25
24.33
23.92
24.05
24.15
23.97
23.98
23.76
24.33
24.42
24.53
24.15
23.87
23.92
23.72
24.19
24.14
24.15
24.35
24.25
24.08
24.06
23.83
23.87
23.89
23.62
23.8
23.42
23.99
23.96
24.39
24.85
25.04
25.05
25.07
25.2
24.7
24.65
24.27
24.13
23.94
23.95
23.62
23.3
23.68
23.01
22.9
22.84
22.84
22.64
22.39
22.79
22.73
22.88
22.86
22.71
23.54
23.69
23.38
23.6
23.49
23.73
23.97
24.18
24.08
24.04
23.79
23.82
23.59
23.76
23.75
23.98
23.75
23.72
23.72
23.76
23.8
23.67
23.35
23.6
23.39
23.26
23.02
22.98
23
22.93
23.02
23.08
23.18
23.08
23.29
23.2
23.53
23.76
23.84
23.61
23.76
23.76
23.67
23.79
23.98
24
24.27
24.28
24.5
25.08
25.12
25.08
25.72
25.96
25.78
25.84
25.25
25.06
24.58
24.45
24.3
24.34
24.37
24.31
23.92
23.82
23.77
23.71
23.9
23.98
23.85
23.37
23.04
22.98
22.86
22.64
22.75
23.12
23.38
23.33
23.29
23.54
23.54
23.59
24
23.94
24.02
24.12
23.94
23.96
24.16
24.16
24.31
24.49
24.32
24.36
24.16
23.83
23.69
23.87
24.2
24.11
24.11
24.11
24.32
24.38
24.49
24.34
24.06
23.8
23.64
23.89
23.73
23.55
23.49
22.61
22.55
22.37
22.5
22.84
23.09
22.9
22.54
22.06
21.76
22.07
22.09
22.1
22.24
22.15
21.65
21.66
21.34
21.49
21.34
21.6
21.79
21.53
21.97
21.86
21.63
21.62
21.6
21.69
21.85
21.69
21.64
21.42
21.5
21.64
22.07
22.08
22.22
22.1
21.97
21.87
22
21.71
21.39
21.3
21.11
20.95
20.87
20.83
21.28
21.45
21.9
21.65
21.68
21.51
21.1
21.24
21.52
21.04
20.46
20.35
19.18
19.08
19.15
20.12
20.37
20.33
20.79
20.76
20.84
20.63
19.78
19.59
19.82
20.18
20.08
20.04
20.41
20.63
20.29
20.54
20.19
19.64
19.41
20.04
20.28
20.16
19.57
19.52
19.54
19.58
19.97
19.7
19.7
19.53
19.08
19.39
19.14
19.83
19.93
19.67
19.76
19.19
19.21
19.48
20.1
20.75
21.11
21.45
21.17
21.22
21.19
21.5
21.23
21.4
21.35
21.46
21.9
21.8
21.78
22.09
22.53
22.06
21.5
21.07
20.75
21.14
21.25
21.69
21.92
20.64
20.75
21.09
20.8
20.88
20.71
20.37
20.01
19.74
19.44
19.27
19.02
19.32
19.51
19.9
20.55
20.88
21.18
21.28
21.3
21.24
20.86
21.11
20.9
21.08
20.94
21.06
20.79
20.7
20.9
20.89
20.85
20.85
20.85
20.93
20.66
20.8
20.53
20.96
21.11
20.94
20.79
20.67
20.87
21.15
21.24
21.24
21.07
21.11
21.11
20.98
20.98
20.89
21.05
21.42
21.42
21.73
21.6
21.56
21.38
21.52
21.43
21.44
21.7
21.73
21.68
21.7
21.84
21.86
21.76
21.6
21.66
21.97
22.07
22.2
22.1
22.2
22.27
22.14
22.08
21.93
22.12
22.24
22.35
21.98
21.89
21.99
21.91
22.18
22.4
22.49
22.51
22.7
22.7
22.68
22.71
22.93
22.98
23.27
23.6
23.68
23.6
23.59
23.21
23.05
23.08
23.04
23.04
23.06
22.85
22.98
23.2
23.18
23.25
23.37
23.52
23.48
23.57
23.77
23.72
23.94
23.86
23.94
24.05
23.93
23.75
23.63
23.32
23.26
23.19
22.35
22.11
22.32
22.18
22
21.8
21.26
21.23
21.17
21.06
20.82
20.5
20.67
21
20.98
20.9
21.28
21.04
21.43
21.48
21.86
21.94
21.56
21.83
21.9
21.68
21.53
21.86
21.74
21.94
21.92
21.47
21.385
21.34
21.59
21.69
22.15
22.515
22.47
22.4
22.57
22.62
22.51
22.48
22.44
22.52
22.5
22.63
23
23.14
23.25
23.21
22.95
22.84
22.64
22.79
23.22
23.48
23.66
23.59
23.7
23.46
23.72
23.73
23.85
23.95
23.97
24
23.81
23.9
24
24.61
24.78
25
24.98
25.12
25
24.92
24.99
24.98
25
24.97
24.98
24.74
24.345
24.4
24.51
24.27
24.21
24.32
24.16
24.37
24.48
24.48
24.57
24.83
24.84
24.83
24.75
24.54
24.75
24.8
24.94
25.05
25.17
25.36
25.59
25.7
25.8
25.65
25.78
25.8
25.86
26
26.12
27.63
25.98
25.77
25.84
25.8
25.52
25.59
25.48
25.44
25.5
25.67
25.52
25.3
25.4
25.64
24.68
24.65
24.73
24.52
24.35
24.03
24.03
23.85
23.85
23.7
23.9
23.78
23.71
23.84
23.83
24.115
24.45
24.76
24.74
24.85
24.9
24.94
24.99
24.97
24.99
24.85
24.83
24.615
24.69
24.72
24.95
25.1
25.02
24.97
24.97
24.98
25.08
25.07
25.05
25.22
25.27
25.3
25.45
25.49
25.25
25.21
25.37
25.37
25.31
25.415
25.74
25.72
25.75
25.84
26.05
26.13
26.1
26.07
26.6
26.72
26.82
26.795
26.95
26.73
27.04
27.62
28.15
28.25
27.91
28.14
28.13
27.99
28.5
28.68
28.82
28.83
28.595
28.55
28.44
28.35
28.89
28.8
28.89
29.17
29.45
29.29
29.24
29.46
29.43
29.05
28.71
28.75
28.48
28.42
28.1
28.34
28.63
28.98
28.76
28.6
28.74
28.53
28.53
28.84
29
28.3
28.17
27.99
28.48
28.475
28.69
28.86
28.86
28.91
29.19
29.34
