0
0.0099998333
0.0199986667
0.0299955002
0.0399893342
0.0499791693
0.0599640065
0.0699428473
0.079914694
0.0898785492
0.0998334166
0.1097783008
0.1197122073
0.1296341426
0.1395431146
0.1494381325
0.1593182066
0.1691823491
0.1790295734
0.188858895
0.1986693308
0.2084598998
0.2182296231
0.2279775235
0.2377026264
0.2474039593
0.2570805519
0.2667314367
0.2763556486
0.2859522251
0.2955202067
0.3050586364
0.3145665606
0.3240430284
0.3334870921
0.3428978075
0.3522742333
0.361615432
0.3709204694
0.3801884151
0.3894183423
0.398609328
0.4077604531
0.4168708024
0.4259394651
0.4349655341
0.443948107
0.4528862854
0.4617791755
0.4706258882
0.4794255386
0.4881772469
0.4968801378
0.5055333412
0.5141359917
0.5226872289
0.5311861979
0.5396320487
0.5480239368
0.5563610229
0.5646424734
0.5728674601
0.5810351605
0.5891447579
0.5971954414
0.6051864057
0.613116852
0.620985987
0.628793024
0.6365371822
0.6442176872
0.651833771
0.659384672
0.666869635
0.6742879116
0.68163876
0.6889214451
0.6961352386
0.7032794192
0.7103532724
0.7173560909
0.7242871744
0.7311458297
0.7379313711
0.74464312
0.7512804051
0.7578425629
0.764328937
0.7707388789
0.7770717475
0.7833269096
0.7895037397
0.79560162
0.8016199409
0.8075581004
0.8134155048
0.8191915683
0.8248857133
0.8304973705
0.8360259786
0.8414709848
0.8468318446
0.8521080219
0.8572989892
0.8624042272
0.8674232256
0.8723554823
0.8772005043
0.8819578069
0.8866269144
0.8912073601
0.8956986857
0.9001004422
0.9044121894
0.9086334961
0.9127639403
0.9168031088
0.9207505977
0.9246060124
0.9283689672
0.932039086
0.9356160016
0.9390993563
0.9424888019
0.9457839994
0.9489846194
0.9520903416
0.9551008556
0.9580158603
0.9608350642
0.9635581854
0.9661849516
0.9687151001
0.9711483779
0.9734845417
0.9757233578
0.9778646024
0.9799080614
0.9818535304
0.9837008148
0.98544973
0.987100101
0.9886517629
0.9901045603
0.9914583482
0.992712991
0.9938683634
0.9949243498
0.9958808445
0.996737752
0.9974949866
0.9981524725
0.998710144
0.9991679453
0.9995258306
0.9997837642
0.9999417202
0.9999996829
0.9999576465
0.9998156151
0.999573603
0.9992316344
0.9987897435
0.9982479744
0.9976063813
0.9968650285
0.9960239899
0.9950833498
0.9940432022
0.9929036511
0.9916648105
0.9903268042
0.988889766
0.9873538397
0.9857191788
0.9839859469
0.9821543171
0.9802244728
0.9781966068
0.976070922
0.9738476309
0.9715269558
0.9691091289
0.9665943918
0.9639829962
0.961275203
0.9584712831
0.9555715169
0.9525761943
0.9494856149
0.9463000877
0.9430199313
0.9396454737
0.9361770523
0.932615014
0.928959715
0.9252115208
0.9213708062
0.9174379553
0.9134133613
0.9092974268
0.9050905633
0.9007931915
0.8964057412
0.891928651
0.8873623686
0.8827073508
0.877964063
0.8731329795
0.8682145834
0.8632093666
0.8581178296
0.8529404816
0.8476778401
0.8423304316
0.8368987908
0.8313834608
0.8257849931
0.8201039476
0.8143408924
0.8084964038
0.8025710662
0.7965654722
0.7904802223
0.7843159251
0.7780731969
0.771752662
0.7653549525
0.7588807082
0.7523305764
0.7457052122
0.7390052781
0.732231444
0.7253843875
0.7184647931
0.7114733528
0.7044107658
0.6972777383
0.6900749836
0.6828032219
0.6754631806
0.6680555934
0.6605812013
0.6530407516
0.6454349983
0.6377647021
0.63003063
0.6222335553
0.6143742578
0.6064535234
0.5984721441
0.5904309181
0.5823306495
0.5741721484
0.5659562304
0.5576837174
0.5493554364
0.5409722204
0.5325349076
0.5240443417
0.5155013718
0.5069068522
0.4982616424
0.4895666068
0.480822615
0.4720305413
0.4631912649
0.4543056698
0.4453746445
0.4363990822
0.4273798802
0.4183179407
0.4092141697
0.4000694776
0.3908847789
0.3816609921
0.3723990394
0.3630998472
0.3537643453
0.3443934673
0.3349881502
0.3255493345
0.3160779642
0.3065749864
0.2970413513
0.2874780123
0.2778859258
0.2682660509
0.2586193497
0.2489467867
0.2392493292
0.229527947
0.2197836122
0.2100172993
0.2002299847
0.1904226474
0.1805962679
0.170751829
0.160890315
0.1510127121
0.1411200081
0.1312131922
0.121293255
0.1113611887
0.1014179863
0.0914646422
0.0815021518
0.0715315111
0.0615537174
0.0515697684
0.0415806624
0.0315873984
0.0215909757
0.0115923939
0.0015926529
-0.0084072474
-0.0184063069
-0.0284035259
-0.0383979045
-0.0483884434
-0.0583741434
-0.0683540061
-0.0783270335
-0.0882922282
-0.0982485937
-0.1081951345
-0.1181308559
-0.1280547643
-0.1379658673
-0.1478631738
-0.1577456941
-0.16761244
-0.1774624248
-0.1872946635
-0.1971081729
-0.2069019717
-0.2166750804
-0.2264265218
-0.2361553207
-0.2458605043
-0.255541102
-0.2651961459
-0.2748246703
-0.2844257125
-0.2939983124
-0.3035415127
-0.3130543591
-0.3225359003
-0.3319851882
-0.3414012779
-0.3507832277
-0.3601300995
-0.3694409585
-0.3787148738
-0.3879509179
-0.3971481673
-0.4063057021
-0.4154226068
-0.4244979695
-0.4335308828
-0.4425204433
-0.4514657522
-0.4603659148
-0.4692200413
-0.4780272461
-0.4867866487
-0.4954973729
-0.5041585479
-0.5127693074
-0.5213287904
-0.5298361409
-0.5382905083
-0.5466910471
-0.5550369172
-0.5633272841
-0.5715613187
-0.5797381977
-0.5878571034
-0.5959172238
-0.603917753
-0.6118578909
-0.6197368436
-0.6275538231
-0.6353080477
-0.6429987421
-0.6506251371
-0.6581864701
-0.665681985
-0.6731109323
-0.6804725691
-0.6877661592
-0.6949909732
-0.7021462887
-0.7092313902
-0.7162455691
-0.7231881241
-0.7300583608
-0.7368555924
-0.7435791389
-0.7502283282
-0.7568024953
-0.7633009828
-0.7697231408
-0.7760683271
-0.7823359072
-0.7885252544
-0.7946357498
-0.8006667822
-0.8066177486
-0.8124880539
-0.8182771111
-0.8239843412
-0.8296091736
-0.8351510458
-0.8406094036
-0.8459837011
-0.8512734009
-0.8564779742
-0.8615969003
-0.8666296675
-0.8715757724
-0.8764347205
-0.8812060258
-0.8858892113
-0.8904838086
-0.8949893582
-0.8994054097
-0.9037315214
-0.9079672606
-0.9121122039
-0.9161659367
-0.9201280538
-0.9239981587
-0.9277758646
-0.9314607938
-0.9350525776
-0.9385508569
-0.9419552819
-0.9452655122
-0.9484812167
-0.9516020739
-0.9546277717
-0.9575580074
-0.9603924882
-0.9631309306
-0.9657730606
-0.9683186142
-0.9707673367
-0.9731189832
-0.9753733187
-0.9775301177
-0.9795891644
-0.9815502531
-0.9834131875
-0.9851777815
-0.9868438585
-0.9884112519
-0.9898798051
-0.9912493711
-0.9925198129
-0.9936910036
-0.9947628261
-0.9957351731
-0.9966079474
-0.9973810617
-0.9980544388
-0.9986280112
-0.9991017217
-0.9994755228
-0.9997493772
-0.9999232576
-0.9999971464
-0.9999710363
-0.99984493
-0.99961884
-0.999292789
-0.9988668095
-0.9983409442
-0.9977152456
-0.9969897763
-0.9961646088
-0.9952398258
-0.9942155195
-0.9930917926
-0.9918687573
-0.990546536
-0.9891252608
-0.9876050739
-0.9859861274
-0.984268583
-0.9824526126
-0.9805383978
-0.9785261299
-0.9764160103
-0.9742082499
-0.9719030694
-0.9695006995
-0.9670013802
-0.9644053617
-0.9617129034
-0.9589242747
-0.9560397543
-0.9530596307
-0.949984202
-0.9468137756
-0.9435486686
-0.9401892076
-0.9367357284
-0.9331885765
-0.9295481064
-0.9258146823
-0.9219886775
-0.9180704747
-0.9140604655
-0.9099590511
-0.9057666415
-0.901483656
-0.8971105228
-0.8926476794
-0.888095572
-0.8834546557
-0.8787253947
-0.8739082619
-0.869003739
-0.8640123165
-0.8589344934
-0.8537707776
-0.8485216855
-0.8431877419
-0.8377694802
-0.8322674422
-0.8266821782
-0.8210142467
-0.8152642145
-0.8094326564
-0.8035201559
-0.7975273039
-0.7914546999
-0.7853029511
-0.7790726726
-0.7727644876
-0.7663790267
-0.7599169285
-0.7533788393
-0.7467654129
-0.7400773105
-0.733315201
-0.7264797606
-0.7195716728
-0.7125916285
-0.7055403256
-0.6984184692
-0.6912267716
-0.6839659519
-0.6766367361
-0.6692398573
-0.661776055
-0.6542460757
-0.6466506723
-0.6389906043
-0.6312666379
-0.6234795453
-0.6156301053
-0.6077191027
-0.5997473288
-0.5917155806
-0.5836246614
-0.5754753802
-0.5672685519
-0.5590049973
-0.5506855426
-0.5423110198
-0.5338822664
-0.5254001252
-0.5168654444
-0.5082790775
-0.4996418831
-0.490954725
-0.4822184717
-0.4734339971
-0.4646021794
-0.4557239019
-0.4468000524
-0.4378315233
-0.4288192113
-0.4197640178
-0.4106668483
-0.4015286124
-0.392350224
-0.3831326009
-0.3738766648
-0.3645833414
-0.35525356
-0.3458882535
-0.3364883585
-0.3270548149
-0.3175885661
-0.3080905587
-0.2985617425
-0.2890030704
-0.2794154982
-0.2697999847
-0.2601574914
-0.2504889826
-0.2407954251
-0.2310777883
-0.2213370439
-0.2115741659
-0.2017901308
-0.1919859167
-0.1821625043
-0.1723208757
-0.1624620152
-0.1525869086
-0.1426965435
-0.1327919089
-0.1228739951
-0.1129437941
-0.1030022987
-0.0930505033
-0.0830894028
-0.0731199935
-0.0631432722
-0.0531602367
-0.0431718852
-0.0331792165
-0.02318323
-0.0131849251
-0.0031853018
0.0068146401
0.0168139005
0.0268114795
0.0368063774
0.0467975947
0.0567841323
0.0667649915
0.0767391743
0.0867056832
0.0966635216
0.1066116938
0.1165492049
0.1264750611
0.1363882699
0.1462878401
0.1561727815
0.1660421059
0.1758948261
0.185729957
0.1955465151
0.2053435187
0.2151199881
0.2248749457
0.2346074159
0.2443164257
0.254001004
0.2636601824
0.273292995
0.2828984785
0.2924756724
0.302023619
0.3115413635
0.3210279541
0.3304824422
0.3399038823
0.3492913323
0.3586438535
0.3679605106
0.3772403719
0.3864825095
0.3956859992
0.4048499206
0.4139733574
0.4230553971
0.4320951317
0.4410916572
0.4500440738
0.4589514864
0.4678130042
0.4766277411
0.4853948157
0.4941133511
0.5027824757
0.5114013224
0.5199690294
0.5284847399
0.5369476024
0.5453567706
0.5537114036
0.5620106659
0.5702537276
0.5784397644
0.5865679577
0.5946374947
0.6026475684
0.6105973779
0.6184861282
0.6263130303
0.6340773017
0.6417781659
0.6494148528
0.6569865987
0.6644926466
0.6719322457
0.6793046521
0.6866091287
0.6938449449
0.7010113772
0.708107709
0.7151332306
0.7220872394
0.7289690401
0.7357779446
0.7425132718
0.7491743483
0.7557605081
0.7622710924
0.7687054502
0.7750629381
0.7813429204
0.787544769
0.7936678638
0.7997115925
0.8056753507
0.8115585421
0.8173605782
0.823080879
0.8287188724
0.8342739946
0.83974569
0.8451334117
0.8504366206
0.8556547866
0.8607873879
0.8658339111
0.8707938517
0.8756667136
0.8804520096
0.885149261
0.8897579984
0.8942777606
0.8987080958
0.903048561
0.907298722
0.911458154
0.9155264408
0.9195031758
0.9233879613
0.9271804087
0.9308801388
0.9344867818
0.9379999768
0.9414193726
0.9447446272
0.9479754082
0.9511113924
0.9541522663
0.9570977257
0.9599474762
0.9627012327
0.9653587199
0.967919672
0.970383833
0.9727509564
0.9750208055
0.9771931533
0.9792677827
0.9812444861
0.9831230658
0.9849033341
0.9865851128
0.9881682339
0.9896525389
0.9910378796
0.9923241172
0.9935111233
0.9945987791
0.9955869759
0.9964756147
0.9972646069
0.9979538734
0.9985433454
0.9990329638
0.9994226798
0.9997124544
0.9999022585
0.9999920733
0.9999818897
0.9998717087
0.9996615414
0.9993514088
0.9989413418
0.9984313816
0.9978215791
0.9971119952
0.9963027009
0.9953937773
0.994385315
0.9932774151
0.9920701882
0.9907637552
0.9893582466
0.987853803
0.9862505749
0.9845487225
0.9827484161
0.9808498356
0.978853171
0.9767586219
0.9745663977
0.9722767177
0.9698898108
0.9674059158
0.964825281
0.9621481645
0.9593748339
0.9565055667
0.9535406497
0.9504803794
0.9473250619
0.9440750126
0.9407305567
0.9372920285
0.9337597718
0.93013414
0.9264154955
0.9226042102
0.9187006653
0.9147052511
0.9106183671
0.9064404221
0.9021718338
0.897813029
0.8933644437
0.8888265226
0.8841997197
0.8794844975
0.8746813276
0.8697906904
0.8648130747
0.8597489785
0.8545989081
0.8493633785
0.8440429133
0.8386380445
0.8331493126
0.8275772664
0.8219224633
0.8161854685
0.8103668559
0.8044672073
0.7984871126
0.7924271699
0.7862879851
0.7800701722
0.7737743529
0.7674011569
0.7609512213
0.7544251913
0.7478237194
0.7411474657
0.7343970979
0.727573291
0.7206767273
0.7137080966
0.7066680957
0.6995574286
0.6923768063
0.6851269469
0.6778085754
0.6704224236
0.6629692301
0.6554497402
0.6478647059
0.6402148857
0.6325010445
0.6247239538
0.6168843911
0.6089831406
0.6010209922
0.5929987422
0.5849171929
0.5767771523
0.5685794345
0.5603248592
0.5520142519
0.5436484437
0.535228271
0.526754576
0.5182282059
0.5096500135
0.5010208565
0.4923415978
0.4836131053
0.474836252
0.4660119154
0.457140978
0.4482243269
0.4392628538
0.4302574547
0.4212090303
0.4121184852
0.4029867287
0.3938146739
0.3846032379
0.3753533419
0.3660659109
0.3567418736
0.3473821624
0.3379877132
0.3285594656
0.3190983623
0.3096053495
0.3000813764
0.2905273953
0.2809443618
0.2713332341
0.2616949733
0.2520305432
0.2423409103
0.2326270434
0.2228899141
0.213130496
0.2033497649
0.1935486991
0.1837282786
0.1738894854
0.1640333034
0.1541607182
0.144272717
0.1343702887
0.1244544235
0.114526113
0.1045863499
0.0946361283
0.0846764431
0.0747082904
0.0647326669
0.0547505702
0.0447629985
0.0347709505
0.0247754255
0.0147774229
0.0047779426
-0.0052220155
-0.0152214514
-0.0252193651
-0.035214757
-0.0452066274
-0.0551939772
-0.0651758076
-0.0751511205
-0.0851189183
-0.0950782043
-0.1050279826
-0.1149672582
-0.1248950371
-0.1348103267
-0.1447121353
-0.1545994728
-0.1644713505
-0.1743267812
-0.1841647794
-0.1939843613
-0.2037845448
-0.2135643501
-0.2233227992
-0.2330589161
-0.2427717274
-0.2524602616
-0.2621235501
-0.2717606264
-0.2813705269
-0.2909522906
-0.3005049592
-0.3100275777
-0.3195191936
-0.3289788579
-0.3384056246
-0.347798551
-0.3571566978
-0.3664791293
-0.3757649131
-0.3850131208
-0.3942228274
-0.4033931122
-0.4125230579
-0.4216117517
-0.4306582847
-0.4396617522
-0.4486212538
-0.4575358938
-0.4664047805
-0.4752270271
-0.4840017515
-0.492728076
-0.5014051282
-0.5100320402
-0.5186079495
-0.5271319985
-0.5356033346
-0.5440211109
-0.5523844855
-0.5606926221
-0.56894469
-0.5771398638
-0.5852773241
-0.5933562572
-0.6013758552
-0.6093353161
-0.6172338439
-0.6250706489
-0.6328449473
-0.6405559618
-0.6482029212
-0.6557850609
-0.6633016226
-0.6707518546
-0.6781350121
-0.6854503566
-0.6926971567
-0.6998746876
-0.7069822316
-0.714019078
-0.7209845231
-0.7278778703
-0.7346984304
-0.7414455212
-0.7481184681
-0.7547166038
-0.7612392684
-0.7676858098
-0.7740555832
-0.7803479517
-0.786562286
-0.7926979648
-0.7987543744
-0.8047309093
-0.8106269717
-0.8164419721
-0.822175329
-0.8278264691
-0.8333948272
-0.8388798465
-0.8442809785
-0.8495976832
-0.8548294287
-0.8599756921
-0.8650359585
-0.8700097222
-0.8748964855
-0.87969576
-0.8844070656
-0.8890299312
-0.8935638946
-0.8980085023
-0.90236331
-0.906627882
-0.910801792
-0.9148846226
-0.9188759655
-0.9227754216
-0.9265826009
-0.9302971227
-0.9339186156
-0.9374467174
-0.9408810753
-0.9442213459
-0.9474671951
-0.9506182984
-0.9536743406
-0.9566350163
-0.9595000292
-0.9622690929
-0.9649419305
-0.9675182747
-0.9699978679
-0.9723804621
-0.9746658191
-0.9768537103
-0.978943917
-0.9809362301
-0.9828304503
-0.9846263884
-0.9863238646
-0.9879227093
-0.9894227625
-0.9908238743
-0.9921259045
-0.9933287229
-0.9944322093
-0.9954362533
-0.9963407545
-0.9971456225
-0.9978507767
-0.9984561467
-0.9989616719
-0.9993673018
-0.9996729957
-0.9998787232
-0.9999844637
-0.9999902066
-0.9998959512
-0.9997017071
-0.9994074937
-0.9990133403
-0.9985192865
-0.9979253815
-0.9972316849
-0.9964382659
-0.9955452039
-0.9945525882
-0.9934605181
-0.9922691028
-0.9909784613
-0.9895887229
-0.9881000264
-0.9865125207
-0.9848263647
-0.9830417267
-0.9811587855
-0.9791777292
-0.9770987559
-0.9749220735
-0.9726478998
-0.9702764621
-0.9678079975
-0.965242753
-0.9625809849
-0.9598229596
-0.9569689528
-0.9540192499
-0.9509741459
-0.9478339452
-0.9445989619
-0.9412695196
-0.937845951
-0.9343285987
-0.9307178142
-0.9270139588
-0.9232174027
-0.9193285257
-0.9153477165
-0.9112753734
-0.9071119035
-0.9028577231
-0.8985132578
-0.8940789418
-0.8895552187
-0.8849425409
-0.8802413695
-0.8754521747
-0.8705754354
-0.8656116393
-0.8605612828
-0.8554248708
-0.8502029171
-0.8448959438
-0.8395044816
-0.8340290696
-0.8284702555
-0.822828595
-0.8171046523
-0.8112989998
-0.8054122182
-0.7994448959
-0.7933976299
-0.7872710247
-0.7810656931
-0.7747822556
-0.7684213405
-0.7619835839
-0.7554696296
-0.748880129
-0.7422157409
-0.7354771319
-0.7286649758
-0.7217799538
-0.7148227545
-0.7077940734
-0.7006946135
-0.6935250848
-0.6862862041
-0.6789786954
-0.6716032893
-0.6641607235
-0.6566517422
-0.6490770962
-0.6414375431
-0.6337338468
-0.6259667776
-0.6181371122
-0.6102456337
-0.6022931311
-0.5942803997
-0.5862082407
-0.5780774614
-0.5698888749
-0.5616432999
-0.5533415611
-0.5449844885
-0.536572918
-0.5281076906
-0.5195896529
-0.5110196567
-0.5023985589
-0.4937272217
-0.4850065122
-0.4762373024
-0.4674204694
-0.4585568946
-0.4496474645
-0.4406930701
-0.4316946067
-0.4226529743
-0.4135690768
-0.4044438228
-0.3952781248
-0.3860728993
-0.3768290668
-0.3675475518
-0.3582292822
-0.3488751901
-0.3394862107
-0.330063283
-0.3206073492
-0.311119355
-0.3016002491
-0.2920509834
-0.2824725128
-0.2728657953
-0.2632317914
-0.2535714645
-0.2438857807
-0.2341757085
-0.224442219
-0.2146862854
-0.2049088833
-0.1951109906
-0.1852935869
-0.175457654
-0.1656041754
-0.1557341367
-0.1458485246
-0.1359483278
-0.1260345362
-0.1161081413
-0.1061701357
-0.0962215132
-0.0862632686
-0.0762963978
-0.0663218974
-0.0563407648
-0.0463539982
-0.0363625963
-0.0263675581
-0.0163698832
-0.0063705713
0.0036293777
0.0136289637
0.0236271868
0.0336230472
0.0436155454
0.053603682
0.0635864583
0.073562876
0.0835319375
0.0934926459
0.103444005
0.1133850199
0.1233146963
0.1332320414
0.1431360634
0.1530257719
0.162900178
0.1727582941
0.1825991346
0.1924217154
0.2022250541
0.2120081704
0.2217700862
0.2315098251
0.2412264132
0.2509188789
0.2605862529
0.2702275685
0.2798418616
0.2894281707
0.2989855372
0.3085130055
0.3180096226
0.3274744391
0.3369065085
0.3463048874
0.3556686362
0.3649968183
0.3742885011
0.3835427554
0.3927586557
0.4019352805
0.4110717121
0.4201670368
0.4292203452
0.4382307319
0.447197296
0.4561191406
0.4649953737
0.4738251077
0.4826074596
0.4913415511
0.5000265088
0.5086614644
0.5172455542
0.5257779199
0.5342577082
0.5426840712
0.5510561663
0.5593731561
0.5676342092
0.5758384993
0.583985206
0.5920735147
0.6001026165
0.6080717086
0.615979994
0.6238266819
0.6316109877
0.6393321329
0.6469893454
0.6545818596
0.6621089161
0.6695697622
0.6769636519
0.6842898458
0.6915476114
0.6987362227
0.705854961
0.7129031144
0.719879978
0.7267848543
0.7336170527
0.74037589
0.7470606903
0.7536707851
0.7602055136
0.7666642221
0.7730462648
0.7793510035
0.7855778078
0.791726055
0.7977951302
0.8037844266
0.8096933451
0.8155212951
0.8212676936
0.826931966
0.8325135459
0.8380118751
0.8434264038
0.8487565906
0.8540019025
0.8591618149
0.8642358118
0.8692233858
0.8741240382
0.878937279
0.8836626268
0.888299609
0.892847762
0.897306631
0.9016757701
0.9059547423
0.9101431198
0.9142404838
0.9182464245
0.9221605413
0.9259824428
0.9297117469
0.9333480805
0.9368910801
0.9403403914
0.9436956694
0.9469565787
0.9501227931
